CONV NORM
# 27x27 convolution mask of a gaussian PSF with FWHM = 6.0 pixels.
0.00000        0.00000        0.00000        0.00000        0.00000        0.00000        0.00000        0.00000        0.00000        0.00000        0.00000        0.00000        0.00000        0.00000        0.00000        0.00000        0.00000        0.00000        0.00000        0.00000        0.00000        0.00000        0.00000        0.00000        0.00000        0.00000        0.00000
        0.00000        0.00000        0.00000        0.00000        0.00000        0.00000        0.00000        0.00000        0.00000        0.00000        0.00000        0.00000        0.00000        0.00000        0.00000        0.00000        0.00000        0.00000        0.00000        0.00000        0.00000        0.00000        0.00000        0.00000        0.00000        0.00000        0.00000
        0.00000        0.00000        0.00000        0.00000        0.00000        0.00000        0.00000        0.00000        0.00000        0.00000        0.00000        0.00000        0.00000        0.00000        0.00000        0.00000        0.00000        0.00000        0.00000        0.00000        0.00000        0.00000        0.00000        0.00000        0.00000        0.00000        0.00000
        0.00000        0.00000        0.00000        0.00000        0.00000        0.00000        0.00000        0.00000        0.00000        0.00000        0.00001        0.00001        0.00001        0.00001        0.00001        0.00001        0.00001        0.00000        0.00000        0.00000        0.00000        0.00000        0.00000        0.00000        0.00000        0.00000        0.00000
        0.00000        0.00000        0.00000        0.00000        0.00000        0.00000        0.00000        0.00000        0.00001        0.00001        0.00002        0.00004        0.00004        0.00005        0.00004        0.00004        0.00002        0.00001        0.00001        0.00000        0.00000        0.00000        0.00000        0.00000        0.00000        0.00000        0.00000
        0.00000        0.00000        0.00000        0.00000        0.00000        0.00000        0.00000        0.00001        0.00003        0.00005        0.00009        0.00013        0.00016        0.00018        0.00016        0.00013        0.00009        0.00005        0.00003        0.00001        0.00000        0.00000        0.00000        0.00000        0.00000        0.00000        0.00000
        0.00000        0.00000        0.00000        0.00000        0.00000        0.00000        0.00001        0.00004        0.00008        0.00016        0.00028        0.00041        0.00052        0.00056        0.00052        0.00041        0.00028        0.00016        0.00008        0.00004        0.00001        0.00000        0.00000        0.00000        0.00000        0.00000        0.00000
        0.00000        0.00000        0.00000        0.00000        0.00000        0.00001        0.00004        0.00010        0.00022        0.00045        0.00077        0.00113        0.00142        0.00153        0.00142        0.00113        0.00077        0.00045        0.00022        0.00010        0.00004        0.00001        0.00000        0.00000        0.00000        0.00000        0.00000
        0.00000        0.00000        0.00000        0.00000        0.00001        0.00003        0.00008        0.00022        0.00052        0.00104        0.00179        0.00263        0.00331        0.00357        0.00331        0.00263        0.00179        0.00104        0.00052        0.00022        0.00008        0.00003        0.00001        0.00000        0.00000        0.00000        0.00000
        0.00000        0.00000        0.00000        0.00000        0.00001        0.00005        0.00016        0.00045        0.00104        0.00208        0.00357        0.00525        0.00662        0.00715        0.00662        0.00525        0.00357        0.00208        0.00104        0.00045        0.00016        0.00005        0.00001        0.00000        0.00000        0.00000        0.00000
        0.00000        0.00000        0.00000        0.00001        0.00002        0.00009        0.00028        0.00077        0.00179        0.00357        0.00613        0.00901        0.01135        0.01226        0.01135        0.00901        0.00613        0.00357        0.00179        0.00077        0.00028        0.00009        0.00002        0.00001        0.00000        0.00000        0.00000
        0.00000        0.00000        0.00000        0.00001        0.00004        0.00013        0.00041        0.00113        0.00263        0.00525        0.00901        0.01324        0.01668        0.01802        0.01668        0.01324        0.00901        0.00525        0.00263        0.00113        0.00041        0.00013        0.00004        0.00001        0.00000        0.00000        0.00000
        0.00000        0.00000        0.00000        0.00001        0.00004        0.00016        0.00052        0.00142        0.00331        0.00662        0.01135        0.01668        0.02102        0.02270        0.02102        0.01668        0.01135        0.00662        0.00331        0.00142        0.00052        0.00016        0.00004        0.00001        0.00000        0.00000        0.00000
        0.00000        0.00000        0.00000        0.00001        0.00005        0.00018        0.00056        0.00153        0.00357        0.00715        0.01226        0.01802        0.02270        0.02452        0.02270        0.01802        0.01226        0.00715        0.00357        0.00153        0.00056        0.00018        0.00005        0.00001        0.00000        0.00000        0.00000
        0.00000        0.00000        0.00000        0.00001        0.00004        0.00016        0.00052        0.00142        0.00331        0.00662        0.01135        0.01668        0.02102        0.02270        0.02102        0.01668        0.01135        0.00662        0.00331        0.00142        0.00052        0.00016        0.00004        0.00001        0.00000        0.00000        0.00000
        0.00000        0.00000        0.00000        0.00001        0.00004        0.00013        0.00041        0.00113        0.00263        0.00525        0.00901        0.01324        0.01668        0.01802        0.01668        0.01324        0.00901        0.00525        0.00263        0.00113        0.00041        0.00013        0.00004        0.00001        0.00000        0.00000        0.00000
        0.00000        0.00000        0.00000        0.00001        0.00002        0.00009        0.00028        0.00077        0.00179        0.00357        0.00613        0.00901        0.01135        0.01226        0.01135        0.00901        0.00613        0.00357        0.00179        0.00077        0.00028        0.00009        0.00002        0.00001        0.00000        0.00000        0.00000
        0.00000        0.00000        0.00000        0.00000        0.00001        0.00005        0.00016        0.00045        0.00104        0.00208        0.00357        0.00525        0.00662        0.00715        0.00662        0.00525        0.00357        0.00208        0.00104        0.00045        0.00016        0.00005        0.00001        0.00000        0.00000        0.00000        0.00000
        0.00000        0.00000        0.00000        0.00000        0.00001        0.00003        0.00008        0.00022        0.00052        0.00104        0.00179        0.00263        0.00331        0.00357        0.00331        0.00263        0.00179        0.00104        0.00052        0.00022        0.00008        0.00003        0.00001        0.00000        0.00000        0.00000        0.00000
        0.00000        0.00000        0.00000        0.00000        0.00000        0.00001        0.00004        0.00010        0.00022        0.00045        0.00077        0.00113        0.00142        0.00153        0.00142        0.00113        0.00077        0.00045        0.00022        0.00010        0.00004        0.00001        0.00000        0.00000        0.00000        0.00000        0.00000
        0.00000        0.00000        0.00000        0.00000        0.00000        0.00000        0.00001        0.00004        0.00008        0.00016        0.00028        0.00041        0.00052        0.00056        0.00052        0.00041        0.00028        0.00016        0.00008        0.00004        0.00001        0.00000        0.00000        0.00000        0.00000        0.00000        0.00000
        0.00000        0.00000        0.00000        0.00000        0.00000        0.00000        0.00000        0.00001        0.00003        0.00005        0.00009        0.00013        0.00016        0.00018        0.00016        0.00013        0.00009        0.00005        0.00003        0.00001        0.00000        0.00000        0.00000        0.00000        0.00000        0.00000        0.00000
        0.00000        0.00000        0.00000        0.00000        0.00000        0.00000        0.00000        0.00000        0.00001        0.00001        0.00002        0.00004        0.00004        0.00005        0.00004        0.00004        0.00002        0.00001        0.00001        0.00000        0.00000        0.00000        0.00000        0.00000        0.00000        0.00000        0.00000
        0.00000        0.00000        0.00000        0.00000        0.00000        0.00000        0.00000        0.00000        0.00000        0.00000        0.00001        0.00001        0.00001        0.00001        0.00001        0.00001        0.00001        0.00000        0.00000        0.00000        0.00000        0.00000        0.00000        0.00000        0.00000        0.00000        0.00000
        0.00000        0.00000        0.00000        0.00000        0.00000        0.00000        0.00000        0.00000        0.00000        0.00000        0.00000        0.00000        0.00000        0.00000        0.00000        0.00000        0.00000        0.00000        0.00000        0.00000        0.00000        0.00000        0.00000        0.00000        0.00000        0.00000        0.00000
        0.00000        0.00000        0.00000        0.00000        0.00000        0.00000        0.00000        0.00000        0.00000        0.00000        0.00000        0.00000        0.00000        0.00000        0.00000        0.00000        0.00000        0.00000        0.00000        0.00000        0.00000        0.00000        0.00000        0.00000        0.00000        0.00000        0.00000
        0.00000        0.00000        0.00000        0.00000        0.00000        0.00000        0.00000        0.00000        0.00000        0.00000        0.00000        0.00000        0.00000        0.00000        0.00000        0.00000        0.00000        0.00000        0.00000        0.00000        0.00000        0.00000        0.00000        0.00000        0.00000        0.00000        0.00000
